0
0.23520375
274.1110536791384
1
0.4031425
236.85460697300732
2
0.45909375
220.94369836896658
3
0.48990875
210.5324439443648
4
0.51180625
202.54141945950687
5
0.52862875
196.42684644646943
6
0.54320875
191.04043607600033
7
0.55483
186.6412427276373
8
0.56317125
183.49495762586594
9
0.571535
180.53414529189467
10
0.57793125
177.9555188678205
11
0.5822475
176.07046661432832
12
0.58834375
173.9728167904541
13
0.593545
171.97626110352576
14
0.59721
170.422564371489
15
0.600585
169.0945536242798
16
0.60431625
167.86620721407235
17
0.60702
166.7142497934401
18
0.60998375
165.56437437050045
19
0.61338125
164.43902877159417
20
0.6166025
163.23240630049258
21
0.61711125
162.67045128252357
22
0.6202975
161.83183301705867
23
0.62249375
160.88599748630077
24
0.62505125
160.1297831395641
25
0.6273475
159.14526538178325
26
0.628695
158.40458765346557
27
0.6300425
157.75635467469692
28
0.63166375
157.24537455197424
29
0.63442125
156.42551629524678
30
0.63480375
156.18969276268035
31
0.63645375
155.3655705684796
32
0.6372075
155.19256939459592
33
0.63914125
154.3437216412276
34
0.63937125
154.05426074564457
35
0.64058625
153.71252320334315
36
0.64233625
153.2342218896374
37
0.6427675
152.8419092334807
38
0.64397875
152.48467816133052
39
0.64486875
152.14944748859853
40
0.64609375
151.75106327142566
41
0.64705125
151.22784506715834
42
0.64835875
151.0042601004243
43
0.64823625
150.97745043504983
44
0.6489425
150.70961676444858
45
0.64938875
150.49705138616264
46
0.6498225
150.27523912023753
47
0.6499325
150.13550474960357
48
0.65156375
149.82986164093018
49
0.65221125
149.5364616084844
