0
0.35706
244.7741823643446
1
0.70573
156.3016298338771
2
0.80386
109.39090877724811
3
0.85871125
83.05453492701054
4
0.87768375
68.07236839644611
5
0.8840725
59.90869466739241
6
0.901885
50.33133940771222
7
0.90502875
46.24447065836284
8
0.906085
44.08743194071576
9
0.906875
42.67794895358384
10
0.90744375
41.69471454073209
11
0.90779125
40.98216472467175
12
0.90810625
40.427024846489076
13
0.90836125
39.9756665789173
14
0.90851875
39.619331859459635
15
0.9086675
39.32686732444563
16
0.90880375
39.08197552344063
17
0.908895
38.87039357959293
18
0.9089275
38.6878937430447
19
0.90901375
38.518012231448665
20
0.909075
38.36737361451378
21
0.90913625
38.23912322943215
22
0.90921625
38.1058665139135
23
0.90924375
37.98270963173127
24
0.90928125
37.86854658841912
25
0.9093025
37.75188279620488
26
0.9093525
37.64579386764672
27
0.90934125
37.53836589702405
28
0.90935625
37.43869456237735
29
0.90938125
37.351134001786704
30
0.909415
37.266943458715104
31
0.9094225
37.1912904100318
32
0.909435
37.12220381665975
33
0.9094575
37.05848715562024
34
0.9094725
36.99105645091913
35
0.9094675
36.895938599453075
36
0.9094925
36.785194995376514
37
0.909495
36.703161607147194
38
0.90955
36.62887550632877
39
0.9095625
36.56544016714906
40
0.90956375
36.50302679838205
41
0.90957
36.44730850348424
42
0.90958375
36.386993249398074
43
0.90961
36.32954575607437
44
0.90963875
36.27058498491533
45
0.9096175
36.21618066576775
46
0.90966
36.1614879858098
47
0.90965375
36.11243022745475
48
0.9096975
36.06819650786929
49
0.90967375
36.02838447304384
