0
0.159705
295.1942546926439
1
0.27583
271.80822437256575
2
0.39960875
251.92300995066762
3
0.4966275
234.2768184095621
4
0.55981375
218.6877380013466
5
0.62043875
205.13150604069233
6
0.6641825
193.33605607412755
7
0.689705
183.06712126918137
8
0.70643625
174.08388362266123
9
0.7206625
166.23318476323038
10
0.73151875
159.3296837816015
11
0.7398525
153.2513010809198
12
0.74704
147.87288191355765
13
0.752715
143.07292256783694
14
0.75691125
138.7439659833908
15
0.76024625
134.76145139615983
16
0.7650375
131.06279073562473
17
0.7707175
127.6428792476654
18
0.77687125
124.49558592680842
19
0.7819825
121.59758527670056
20
0.78625875
118.92871467676014
21
0.79011625
116.46350761782378
22
0.793775
114.16901959571987
23
0.79719375
112.04478632984683
24
0.8003025
110.07208656799048
25
0.8035875
108.24260292295367
26
0.8064925
106.54529441194609
27
0.80874375
104.97553828870878
28
0.81082125
103.5210758605972
29
0.81244
102.16290785511956
30
0.8138
100.9186246804893
31
0.81509125
99.75205625081435
32
0.81611375
98.67044704593718
33
0.8169225
97.65917776385322
34
0.8176875
96.71588017046452
35
0.81841
95.83573283720762
36
0.8190275
95.01239959569648
37
0.81955125
94.23427478643134
38
0.82008625
93.5107293529436
39
0.82061125
92.82523557916284
40
0.82095625
92.17856223741546
41
0.82144125
91.56416305340827
42
0.82184
90.98615209804848
43
0.8221125
90.43963246140629
44
0.82248375
89.92318855738267
45
0.82280625
89.43121749069542
46
0.82312
88.96283070696518
47
0.8232775
88.51943277241662
48
0.82355375
88.0979882972315
49
0.82382375
87.69309797184542
