0
0.35368625
247.29134678281844
1
0.7518275
148.18205947894603
2
0.85521
91.5759493499063
3
0.8844825
65.4462102255784
4
0.89441
53.670101370778866
5
0.9017875
47.68236231908668
6
0.90595875
44.020462438464165
7
0.90707875
42.15036011260236
8
0.9076975
41.06046956992941
9
0.90810375
40.33718465780839
10
0.9083925
39.809628277958836
11
0.90860625
39.37070141109871
12
0.90876625
38.987119382072706
13
0.90898875
38.61049673205707
14
0.90909
38.31642899999861
15
0.90922125
38.07705207483377
16
0.909305
37.86675821535755
17
0.90938125
37.68149896746036
18
0.9094275
37.51540421426762
19
0.90947125
37.36214989470318
20
0.90952125
37.222148061788175
21
0.909545
37.10427559638629
22
0.9095675
36.9881016943109
23
0.90958625
36.88591946713859
24
0.909615
36.7883016851265
25
0.90964125
36.69745080807479
26
0.90965625
36.60659030138049
27
0.9096875
36.526837549798074
28
0.909705
36.44695378787583
29
0.90969625
36.36668510030722
30
0.9097375
36.291509154274536
31
0.90974625
36.220087621186394
32
0.909755
36.14529134107579
33
0.9097625
36.075518727295275
34
0.909765
36.01113238389371
35
0.9098025
35.94950830133894
36
0.9097875
35.888714391505346
37
0.9098075
35.83463221686543
38
0.909795
35.773929915216286
39
0.9098
35.71880308794789
40
0.90981125
35.65788817728753
41
0.9112475
35.28513096115057
42
0.9192425
32.75528863308136
43
0.91966375
32.25313149248541
44
0.9197175
32.10133555359789
45
0.91977375
32.00799454405205
46
0.91978375
31.938475435632427
47
0.9198
31.886650370724965
48
0.919805
31.83547100747819
49
0.9198225
31.793266029155347
