0
0.210635
277.6175465602428
1
0.366975
244.38022817485034
2
0.425
229.0112275071442
3
0.46011625
218.9981567915529
4
0.4854925
211.5366211682558
5
0.50339125
205.82234273664653
6
0.5193525
200.79921391047537
7
0.532555
196.3952729217708
8
0.54306125
192.74045778624713
9
0.551775
189.5860239956528
10
0.558625
187.10712792165577
11
0.56420625
185.19190062396228
12
0.56929625
183.36742982827127
13
0.573815
181.57050440646708
14
0.57794875
180.29619267955422
15
0.58112625
178.8980031888932
16
0.5845925
177.75296900141984
17
0.58730625
176.71396141313016
18
0.589895
175.72871293034405
19
0.5931925
174.51150175649673
20
0.59478625
173.6327888313681
21
0.5983025
172.5573989059776
22
0.59991625
171.9685149602592
23
0.60187125
171.10250909533352
24
0.604775
170.18629233911633
25
0.60751625
169.1996910572052
26
0.6091475
168.52228554803878
27
0.61013625
168.1258338149637
28
0.61297625
167.22014273051172
29
0.61551875
166.2692177835852
30
0.6166275
165.65673577226698
31
0.61853375
164.9401248600334
32
0.6197125
164.38885069079697
33
0.6208825
163.73894516658038
34
0.62195375
163.19145725294948
35
0.62361375
162.6428105123341
36
0.624135
162.1386038037017
37
0.6257825
161.40368694346398
38
0.62666
161.0846603475511
39
0.62832125
160.40277828089893
40
0.62849125
160.1294777309522
41
0.62980875
159.61742764897645
42
0.63036875
159.33489283453673
43
0.6312975
158.94790574349463
44
0.63190125
158.53720445372164
45
0.6329375
158.01319882273674
46
0.63394125
157.60386417713016
47
0.63368375
157.49286888260394
48
0.6344675
157.23020086903125
49
0.63499
156.83345212507993